#NAME=That looks easy
#AUTHOR=Grym
#BG_COLOR=70, 130, 180
#WIDTH=9
#HEIGHT=40


00,00,00,00,00,00,00,00,00
00,00,00,00,00,00,00,00,00
00,00,00,00,00,00,00,00,00
00,00,00,00,00,00,00,00,00
00,00,00,00,00,00,00,00,00
00,00,00,00,00,00,00,00,00
00,00,00,00,00,00,00,00,00
00,00,00,00,00,00,00,00,00
00,00,00,00,00,00,00,00,00
00,00,00,00,00,00,00,00,00
00,00,00,00,00,00,00,00,00
00,00,00,00,00,00,00,00,00
00,00,00,00,00,00,00,00,00
00,00,00,00,00,00,00,00,00
00,00,00,00,00,00,00,00,00
00,00,00,00,00,00,00,00,00
00,00,00,00,00,00,00,00,00
00,00,00,00,00,00,00,00,00
00,00,00,00,00,00,00,00,00
00,00,00,00,00,00,00,00,00
00,00,00,00,00,00,00,00,00
00,00,00,01,22,01,00,00,00
00,00,00,01,01,01,00,00,00
00,00,00,04,04,04,00,00,00
00,00,00,04,04,04,00,00,00
00,00,00,00,00,00,00,00,00
00,00,00,00,00,00,00,00,00
00,00,00,00,00,00,00,00,00
00,00,00,00,00,00,00,00,00
00,00,00,00,00,00,00,00,00
00,00,00,00,00,00,00,00,00
00,00,00,00,00,00,00,00,00
00,00,00,00,00,00,00,00,00
00,00,00,00,00,00,00,00,00
00,00,00,00,00,00,00,00,00
00,00,00,00,00,00,00,00,00
00,00,00,00,00,00,00,00,00
00,00,00,00,00,00,00,00,00
00,00,00,00,00,00,00,00,00
01,01,01,01,01,01,01,01,01