#NAME=The right way
#AUTHOR=Grym
#BG_COLOR=70, 130, 180
#WIDTH=9
#HEIGHT=40


00,00,00,00,00,00,00,00,35
00,00,00,00,00,00,00,00,36
00,00,00,00,00,00,00,00,00
00,00,00,00,00,00,00,00,00
00,00,00,00,00,00,00,00,00
00,00,00,00,00,00,00,00,00
00,00,00,00,00,00,00,00,00
00,00,00,00,00,00,00,00,00
00,00,00,00,00,00,00,00,00
00,00,00,00,00,00,00,00,00
00,00,00,00,00,00,00,00,00
00,00,00,00,00,00,00,00,00
04,04,04,00,00,00,00,00,00
07,07,08,00,00,00,00,00,00
07,07,08,00,00,00,00,00,00
07,07,08,00,00,00,00,00,00
11,11,08,00,00,00,00,00,00
04,04,04,00,00,00,00,00,00
04,04,04,00,00,00,00,00,00
04,04,04,00,00,00,00,00,00
04,04,04,00,00,00,00,00,00
00,00,00,00,00,00,00,00,00
00,00,00,00,00,00,00,00,00
00,00,00,00,00,00,00,00,00
00,00,00,00,00,00,00,00,00
00,00,00,00,00,00,00,00,00
00,00,00,00,00,00,00,00,00
00,00,00,00,00,00,00,00,00
00,00,00,00,00,00,00,00,00
00,00,00,00,00,00,00,00,00
00,00,00,00,00,00,00,00,00
00,00,00,00,00,00,00,00,00
00,00,00,00,00,00,00,00,00
00,00,00,00,00,00,00,00,00
00,00,00,00,00,00,00,00,00
00,00,00,00,00,00,00,00,00
00,00,00,00,00,00,00,00,00
00,00,00,00,00,00,00,00,00
00,00,00,00,00,00,00,00,00
00,00,00,00,00,00,00,00,00